0 - 2915 34980 0.00 0.00 3063 - 3065 36768 26.52 0.00
2916 - 2918 35004 0.05 0.00 3066 - 3068 36804 27.05 0.00
2919 - 2921 35040 0.59 0.00 3069 - 3071 36840 27.60 0.00
2922 - 2924 35076 1.13 0.00 3072 - 3074 36876 28.13 0.00
2925 - 2927 35112 1.67 0.00 3075 - 3077 36912 28.68 0.00
2928 - 2930 35148 2.21 0.00 3078 - 3080 36948 29.22 0.00
2931 - 2933 35184 2.75 0.00 3081 - 3083 36984 29.76 0.00
2934 - 2936 35220 3.29 0.00 3084 - 3086 37020 30.30 0.00
2937 - 2939 35256 3.83 0.00 3087 - 3089 37056 30.84 0.00
2940 - 2942 35292 4.37 0.00 3090 - 3092 37092 31.38 0.00
2943 - 2945 35328 4.92 0.00 3093 - 3095 37128 31.92 0.00
2946 - 2948 35364 5.45 0.00 3096 - 3098 37164 32.46 0.00
2949 - 2951 35400 6.00 0.00 3099 - 3101 37200 33.00 0.00
2952 - 2954 35436 6.53 0.00 3102 - 3104 37236 33.54 0.00
2955 - 2957 35472 7.08 0.00 3105 - 3107 37272 34.08 0.00
2958 - 2960 35508 7.61 0.00 3108 - 3110 37308 34.62 0.00
2961 - 2963 35544 8.16 0.00 3111 - 3113 37344 35.16 0.00
2964 - 2966 35580 8.69 0.00 3114 - 3116 37380 35.70 0.00
2967 - 2969 35616 9.24 0.00 3117 - 3119 37416 36.24 0.00
2970 - 2972 35652 9.77 0.00 3120 - 3122 37452 36.78 0.00
2973 - 2975 35688 10.32 0.00 3123 - 3125 37488 37.32 0.00
2976 - 2978 35724 10.86 0.00 3126 - 3128 37524 37.86 0.00
2979 - 2981 35760 11.40 0.00 3129 - 3131 37560 38.40 0.00
2982 - 2984 35796 11.94 0.00 3132 - 3134 37596 38.94 0.00
2985 - 2987 35832 12.47 0.00 3135 - 3137 37632 39.47 0.00
2988 - 2990 35868 13.02 0.00 3138 - 3140 37668 40.02 0.00
2991 - 2993 35904 13.55 0.00 3141 - 3143 37704 40.55 0.00
2994 - 2996 35940 14.10 0.00 3144 - 3146 37740 41.10 0.00
2997 - 2999 35976 14.63 0.00 3147 - 3149 37776 41.64 0.00
3000 - 3002 36012 15.18 0.00 3150 - 3152 37812 42.18 0.00
3003 - 3005 36048 15.72 0.00 3153 - 3155 37848 42.71 0.00
3006 - 3008 36084 16.26 0.00 3156 - 3158 37884 43.26 0.00
3009 - 3011 36120 16.80 0.00 3159 - 3161 37920 43.80 0.00
3012 - 3014 36156 17.34 0.00 3162 - 3164 37956 44.34 0.00
3015 - 3017 36192 17.88 0.00 3165 - 3167 37992 44.88 0.00
3018 - 3020 36228 18.42 0.00 3168 - 3170 38028 45.42 0.00
3021 - 3023 36264 18.96 0.00 3171 - 3173 38064 45.96 0.00
3024 - 3026 36300 19.50 0.00 3174 - 3176 38100 46.50 0.00
3027 - 3029 36336 20.04 0.00 3177 - 3179 38136 47.04 0.00
3030 - 3032 36372 20.58 0.00 3180 - 3182 38172 47.58 0.00
3033 - 3035 36408 21.12 0.00 3183 - 3185 38208 48.12 0.00
3036 - 3038 36444 21.66 0.00 3186 - 3188 38244 48.66 0.00
3039 - 3041 36480 22.20 0.00 3189 - 3191 38280 49.20 0.00
3042 - 3044 36516 22.74 0.00 3192 - 3194 38316 49.74 0.00
3045 - 3047 36552 23.28 0.00 3195 - 3197 38352 50.28 0.00
3048 - 3050 36588 23.82 0.00 3198 - 3200 38388 50.82 0.00
3051 - 3053 36624 24.36 0.00 3201 - 3203 38424 51.36 0.00
3054 - 3056 36660 24.90 0.00 3204 - 3206 38460 51.90 0.00
3057 - 3059 36696 25.44 0.00 3207 - 3209 38496 52.44 0.00
3060 - 3062 36732 25.97 0.00 3210 - 3212 38532 52.97 0.00
3213 - 3218 38586 53.79 0.00 3513 - 3518 42186 107.79 0.00
3219 - 3224 38658 54.87 0.00 3519 - 3524 42258 108.87 0.00
3225 - 3230 38730 55.95 0.00 3525 - 3530 42330 109.95 0.00
3231 - 3236 38802 57.03 0.00 3531 - 3536 42402 111.03 0.00
3237 - 3242 38874 58.11 0.00 3537 - 3542 42474 112.11 0.00
3243 - 3248 38946 59.19 0.00 3543 - 3548 42546 113.19 0.00
3249 - 3254 39018 60.27 0.00 3549 - 3554 42618 114.27 0.00
3255 - 3260 39090 61.35 0.00 3555 - 3560 42690 115.35 0.00
3261 - 3266 39162 62.43 0.00 3561 - 3566 42762 116.43 0.00
3267 - 3272 39234 63.51 0.00 3567 - 3572 42834 117.51 0.00
3273 - 3278 39306 64.59 0.00 3573 - 3578 42906 118.59 0.00
3279 - 3284 39378 65.67 0.00 3579 - 3584 42978 119.67 0.00
3285 - 3290 39450 66.75 0.00 3585 - 3590 43050 120.75 0.00
3291 - 3296 39522 67.83 0.00 3591 - 3596 43122 121.83 0.00
3297 - 3302 39594 68.91 0.00 3597 - 3602 43194 122.91 0.00
3303 - 3308 39666 69.99 0.00 3603 - 3608 43266 123.99 0.00
3309 - 3314 39738 71.07 0.00 3609 - 3614 43338 125.07 0.00
3315 - 3320 39810 72.15 0.00 3615 - 3620 43410 126.15 0.00
3321 - 3326 39882 73.22 0.00 3621 - 3626 43482 127.23 0.00
3327 - 3332 39954 74.30 0.00 3627 - 3632 43554 128.31 0.00
3333 - 3338 40026 75.38 0.00 3633 - 3638 43626 129.39 0.00
3339 - 3344 40098 76.47 0.00 3639 - 3644 43698 130.47 0.00
3345 - 3350 40170 77.55 0.00 3645 - 3650 43770 131.55 0.00
3351 - 3356 40242 78.63 0.00 3651 - 3656 43842 132.63 0.00
3357 - 3362 40314 79.71 0.00 3657 - 3662 43914 133.71 0.00
3363 - 3368 40386 80.79 0.00 3663 - 3668 43986 134.79 0.00
3369 - 3374 40458 81.87 0.00 3669 - 3674 44058 135.87 0.00
3375 - 3380 40530 82.95 0.00 3675 - 3680 44130 136.95 0.00
3381 - 3386 40602 84.03 0.00 3681 - 3686 44202 138.03 0.00
3387 - 3392 40674 85.11 0.00 3687 - 3692 44274 139.11 0.00
3393 - 3398 40746 86.19 0.00 3693 - 3698 44346 140.19 0.00
3399 - 3404 40818 87.27 0.00 3699 - 3704 44418 141.27 0.00
3405 - 3410 40890 88.35 0.00 3705 - 3710 44490 142.35 0.00
3411 - 3416 40962 89.43 0.00 3711 - 3716 44562 143.43 0.00
3417 - 3422 41034 90.51 0.00 3717 - 3722 44634 144.51 0.00
3423 - 3428 41106 91.59 0.00 3723 - 3728 44706 145.59 0.00
3429 - 3434 41178 92.67 0.00 3729 - 3734 44778 146.67 0.00
3435 - 3440 41250 93.75 0.00 3735 - 3740 44850 147.75 0.00
3441 - 3446 41322 94.83 0.00 3741 - 3746 44922 148.83 0.00
3447 - 3452 41394 95.91 0.00 3747 - 3752 44994 149.91 0.00
3453 - 3458 41466 96.99 0.00 3753 - 3758 45066 150.99 0.00
3459 - 3464 41538 98.07 0.00 3759 - 3764 45138 152.07 0.00
3465 - 3470 41610 99.14 0.00 3765 - 3770 45210 153.15 0.00
3471 - 3476 41682 100.23 0.00 3771 - 3776 45282 154.23 0.00
3477 - 3482 41754 101.31 0.00 3777 - 3782 45354 155.31 0.00
3483 - 3488 41826 102.39 0.00 3783 - 3788 45426 156.39 0.00
3489 - 3494 41898 103.47 0.00 3789 - 3794 45498 157.47 0.00
3495 - 3500 41970 104.55 0.00 3795 - 3800 45570 158.55 0.00
3501 - 3506 42042 105.63 0.00 3801 - 3806 45642 159.63 0.00
3507 - 3512 42114 106.71 0.00 3807 - 3812 45714 160.71 0.00
3813 - 3822 45810 162.15 0.00 4313 - 4322 51810 252.15 0.00
3823 - 3832 45930 163.95 0.00 4323 - 4332 51930 253.95 0.00
3833 - 3842 46050 165.75 0.00 4333 - 4342 52050 255.75 0.00
3843 - 3852 46170 167.55 0.00 4343 - 4352 52170 257.55 0.00
3853 - 3862 46290 169.35 0.00 4353 - 4362 52290 259.35 0.00
3863 - 3872 46410 171.15 0.00 4363 - 4372 52410 261.15 0.00
3873 - 3882 46530 172.95 0.00 4373 - 4382 52530 262.95 0.00
3883 - 3892 46650 174.75 0.00 4383 - 4392 52650 264.75 0.00
3893 - 3902 46770 176.55 0.00 4393 - 4402 52770 266.55 0.00
3903 - 3912 46890 178.35 0.00 4403 - 4412 52890 268.35 0.00
3913 - 3922 47010 180.15 0.00 4413 - 4422 53010 270.15 0.00
3923 - 3932 47130 181.95 0.00 4423 - 4432 53130 271.95 0.00
3933 - 3942 47250 183.75 0.00 4433 - 4442 53250 273.75 0.00
3943 - 3952 47370 185.55 0.00 4443 - 4452 53370 275.55 0.00
3953 - 3962 47490 187.35 0.00 4453 - 4462 53490 277.35 0.00
3963 - 3972 47610 189.15 0.00 4463 - 4472 53610 279.15 0.00
3973 - 3982 47730 190.95 0.00 4473 - 4482 53730 280.95 0.00
3983 - 3992 47850 192.75 0.00 4483 - 4492 53850 282.75 0.00
3993 - 4002 47970 194.55 0.00 4493 - 4502 53970 284.55 0.00
4003 - 4012 48090 196.35 0.00 4503 - 4512 54090 286.35 0.00
4013 - 4022 48210 198.15 0.00 4513 - 4522 54210 288.15 0.00
4023 - 4032 48330 199.95 0.00 4523 - 4532 54330 289.95 0.00
4033 - 4042 48450 201.75 0.00 4533 - 4542 54450 291.75 0.00
4043 - 4052 48570 203.55 0.00 4543 - 4552 54570 293.55 0.00
4053 - 4062 48690 205.35 0.00 4553 - 4562 54690 295.35 0.00
4063 - 4072 48810 207.15 0.00 4563 - 4572 54810 297.15 0.00
4073 - 4082 48930 208.95 0.00 4573 - 4582 54930 298.95 0.00
4083 - 4092 49050 210.75 0.00 4583 - 4592 55050 300.75 0.00
4093 - 4102 49170 212.55 0.00 4593 - 4602 55170 302.55 0.00
4103 - 4112 49290 214.35 0.00 4603 - 4612 55290 304.35 0.00
4113 - 4122 49410 216.15 0.00 4613 - 4622 55410 306.15 0.00
4123 - 4132 49530 217.95 0.00 4623 - 4632 55530 307.95 0.00
4133 - 4142 49650 219.75 0.00 4633 - 4642 55650 309.75 0.00
4143 - 4152 49770 221.55 0.00 4643 - 4652 55770 311.55 0.00
4153 - 4162 49890 223.35 0.00 4653 - 4662 55890 313.35 0.00
4163 - 4172 50010 225.15 0.00 4663 - 4672 56010 315.15 0.00
4173 - 4182 50130 226.95 0.00 4673 - 4682 56130 316.95 0.00
4183 - 4192 50250 228.75 0.00 4683 - 4692 56250 318.75 0.00
4193 - 4202 50370 230.55 0.00 4693 - 4702 56370 320.55 0.00
4203 - 4212 50490 232.35 0.00 4703 - 4712 56490 322.35 0.00
4213 - 4222 50610 234.15 0.00 4713 - 4722 56610 324.15 0.00
4223 - 4232 50730 235.95 0.00 4723 - 4732 56730 325.95 0.00
4233 - 4242 50850 237.75 0.00 4733 - 4742 56850 327.75 0.00
4243 - 4252 50970 239.55 0.00 4743 - 4752 56970 329.55 0.00
4253 - 4262 51090 241.35 0.00 4753 - 4762 57090 331.35 0.00
4263 - 4272 51210 243.15 0.00 4763 - 4772 57210 333.15 0.00
4273 - 4282 51330 244.95 0.00 4773 - 4782 57330 334.95 0.00
4283 - 4292 51450 246.75 0.00 4783 - 4792 57450 336.75 0.00
4293 - 4302 51570 248.55 0.00 4793 - 4802 57570 338.55 0.00
4303 - 4312 51690 250.35 0.00 4803 - 4812 57690 340.35 0.00
4813 - 4822 57810 342.15 0.00 5313 - 5322 63810 432.15 57.14
4823 - 4832 57930 343.95 0.00 5323 - 5332 63930 433.95 58.95
4833 - 4842 58050 345.75 0.00 5333 - 5342 64050 435.75 60.75
4843 - 4852 58170 347.55 0.00 5343 - 5352 64170 437.55 62.55
4853 - 4862 58290 349.35 0.00 5353 - 5362 64290 439.35 64.34
4863 - 4872 58410 351.15 0.00 5363 - 5372 64410 441.15 66.14
4873 - 4882 58530 352.95 0.00 5373 - 5382 64530 442.95 67.95
4883 - 4892 58650 354.75 0.00 5383 - 5392 64650 444.75 69.75
4893 - 4902 58770 356.55 0.00 5393 - 5402 64770 446.55 71.55
4903 - 4912 58890 358.35 0.00 5403 - 5412 64890 448.35 73.34
4913 - 4922 59010 360.15 0.00 5413 - 5422 65010 450.15 75.14
4923 - 4932 59130 361.95 0.00 5423 - 5432 65130 451.95 76.95
4933 - 4942 59250 363.75 0.00 5433 - 5442 65250 453.75 78.75
4943 - 4952 59370 365.55 0.00 5443 - 5452 65370 455.55 80.55
4953 - 4962 59490 367.35 0.00 5453 - 5462 65490 457.35 82.34
4963 - 4972 59610 369.15 0.00 5463 - 5472 65610 459.15 84.14
4973 - 4982 59730 370.95 0.00 5473 - 5482 65730 460.95 85.95
4983 - 4992 59850 372.75 0.00 5483 - 5492 65850 462.75 87.75
4993 - 5002 59970 374.55 0.00 5493 - 5502 65970 464.55 89.55
5003 - 5012 60090 376.35 1.34 5503 - 5512 66090 466.35 91.34
5013 - 5022 60210 378.15 3.14 5513 - 5522 66210 468.15 93.14
5023 - 5032 60330 379.95 4.94 5523 - 5532 66330 469.95 94.95
5033 - 5042 60450 381.75 6.75 5533 - 5542 66450 471.75 96.75
5043 - 5052 60570 383.55 8.55 5543 - 5552 66570 473.55 98.55
5053 - 5062 60690 385.35 10.34 5553 - 5562 66690 475.35 100.35
5063 - 5072 60810 387.15 12.14 5563 - 5572 66810 477.15 102.15
5073 - 5082 60930 388.95 13.95 5573 - 5582 66930 478.95 103.95
5083 - 5092 61050 390.75 15.75 5583 - 5592 67050 480.75 105.75
5093 - 5102 61170 392.55 17.55 5593 - 5602 67170 482.55 107.55
5103 - 5112 61290 394.35 19.34 5603 - 5612 67290 484.35 109.35
5113 - 5122 61410 396.15 21.14 5613 - 5622 67410 486.15 111.15
5123 - 5132 61530 397.95 22.95 5623 - 5632 67530 487.95 112.95
5133 - 5142 61650 399.75 24.75 5633 - 5642 67650 489.75 114.75
5143 - 5152 61770 401.55 26.55 5643 - 5652 67770 491.55 116.55
5153 - 5162 61890 403.35 28.34 5653 - 5662 67890 493.35 118.35
5163 - 5172 62010 405.15 30.14 5663 - 5672 68010 495.15 120.15
5173 - 5182 62130 406.95 31.95 5673 - 5682 68130 496.95 121.95
5183 - 5192 62250 408.75 33.75 5683 - 5692 68250 498.75 123.75
5193 - 5202 62370 410.55 35.55 5693 - 5702 68370 500.55 125.55
5203 - 5212 62490 412.35 37.34 5703 - 5712 68490 502.35 127.35
5213 - 5222 62610 414.15 39.14 5713 - 5722 68610 504.15 129.15
5223 - 5232 62730 415.95 40.95 5723 - 5732 68730 505.95 130.95
5233 - 5242 62850 417.75 42.75 5733 - 5742 68850 507.75 132.75
5243 - 5252 62970 419.55 44.55 5743 - 5752 68970 509.55 134.55
5253 - 5262 63090 421.35 46.34 5753 - 5762 69090 511.35 136.35
5263 - 5272 63210 423.15 48.14 5763 - 5772 69210 513.15 138.15
5273 - 5282 63330 424.95 49.95 5773 - 5782 69330 514.95 139.95
5283 - 5292 63450 426.75 51.75 5783 - 5792 69450 516.75 141.75
5293 - 5302 63570 428.55 53.55 5793 - 5802 69570 518.55 143.55
5303 - 5312 63690 430.35 55.34 5803 - 5812 69690 520.35 145.35
5813 - 5832 69870 523.05 148.05 6813 - 6832 81870 713.95 338.95
5833 - 5852 70110 526.65 151.65 6833 - 6852 82110 718.95 343.95
5853 - 5872 70350 530.25 155.25 6853 - 6872 82350 723.95 348.95
5873 - 5892 70590 533.85 158.85 6873 - 6892 82590 728.95 353.95
5893 - 5912 70830 537.45 162.45 6893 - 6912 82830 733.95 358.95
5913 - 5932 71070 541.05 166.05 6913 - 6932 83070 738.95 363.95
5933 - 5952 71310 544.65 169.65 6933 - 6952 83310 743.95 368.95
5953 - 5972 71550 548.25 173.25 6953 - 6972 83550 748.95 373.95
5973 - 5992 71790 551.85 176.85 6973 - 6992 83790 753.95 378.95
5993 - 6012 72030 555.45 180.45 6993 - 7012 84030 758.95 383.95
6013 - 6032 72270 559.05 184.05 7013 - 7032 84270 763.95 388.95
6033 - 6052 72510 562.65 187.65 7033 - 7052 84510 768.95 393.95
6053 - 6072 72750 566.25 191.25 7053 - 7072 84750 773.95 398.95
6073 - 6092 72990 569.85 194.85 7073 - 7092 84990 778.95 403.95
6093 - 6112 73230 573.45 198.45 7093 - 7112 85230 783.95 408.95
6113 - 6132 73470 577.05 202.05 7113 - 7132 85470 788.95 413.95
6133 - 6152 73710 580.65 205.65 7133 - 7152 85710 793.95 418.95
6153 - 6172 73950 584.25 209.25 7153 - 7172 85950 798.95 423.95
6173 - 6192 74190 587.85 212.85 7173 - 7192 86190 803.95 428.95
6193 - 6212 74430 591.45 216.45 7193 - 7212 86430 808.95 433.95
6213 - 6232 74670 595.05 220.05 7213 - 7232 86670 813.95 438.95
6233 - 6252 74910 598.65 223.65 7233 - 7252 86910 818.95 443.95
6253 - 6272 75150 602.25 227.25 7253 - 7272 87150 823.95 448.95
6273 - 6292 75390 605.85 230.85 7273 - 7292 87390 828.95 453.95
6293 - 6312 75630 609.45 234.45 7293 - 7312 87630 833.95 458.95
6313 - 6332 75870 613.05 238.05 7313 - 7332 87870 838.95 463.95
6333 - 6352 76110 616.65 241.65 7333 - 7352 88110 843.95 468.95
6353 - 6372 76350 620.25 245.25 7353 - 7372 88350 848.95 473.95
6373 - 6392 76590 623.85 248.85 7373 - 7392 88590 853.95 478.95
6393 - 6412 76830 627.45 252.45 7393 - 7412 88830 858.95 483.95
6413 - 6432 77070 631.05 256.05 7413 - 7432 89070 863.95 488.95
6433 - 6452 77310 634.65 259.65 7433 - 7452 89310 868.95 493.95
6453 - 6472 77550 638.25 263.25 7453 - 7472 89550 873.95 498.95
6473 - 6492 77790 641.85 266.85 7473 - 7492 89790 878.95 503.95
6493 - 6512 78030 645.45 270.45 7493 - 7512 90030 883.95 508.95
6513 - 6532 78270 649.05 274.05 7513 - 7532 90270 888.95 513.95
6533 - 6552 78510 652.65 277.65 7533 - 7552 90510 893.95 518.95
6553 - 6572 78750 656.25 281.25 7553 - 7572 90750 898.95 523.95
6573 - 6592 78990 659.85 284.85 7573 - 7592 90990 903.95 528.95
6593 - 6612 79230 663.45 288.45 7593 - 7612 91230 908.95 533.95
6613 - 6632 79470 667.05 292.05 7613 - 7632 91470 913.95 538.95
6633 - 6652 79710 670.65 295.65 7633 - 7652 91710 918.95 543.95
6653 - 6672 79950 674.25 299.25 7653 - 7672 91950 923.95 548.95
6673 - 6692 80190 678.95 303.95 7673 - 7692 92190 928.95 553.95
6693 - 6712 80430 683.95 308.95 7693 - 7712 92430 933.95 558.95
6713 - 6732 80670 688.95 313.95 7713 - 7732 92670 938.95 563.95
6733 - 6752 80910 693.95 318.95 7733 - 7752 92910 943.95 568.95
6753 - 6772 81150 698.95 323.95 7753 - 7772 93150 948.95 573.95
6773 - 6792 81390 703.95 328.95 7773 - 7792 93390 953.95 578.95
6793 - 6812 81630 708.95 333.95 7793 - 7812 93630 958.95 583.95
7813 - 7842 93930 965.20 590.20 9313 - 9342 111930 1340.20 965.20
7843 - 7872 94290 972.70 597.70 9343 - 9372 112290 1347.70 972.70
7873 - 7902 94650 980.20 605.20 9373 - 9402 112650 1355.20 980.20
7903 - 7932 95010 987.70 612.70 9403 - 9432 113010 1362.70 987.70
7933 - 7962 95370 995.20 620.20 9433 - 9462 113370 1370.20 995.20
7963 - 7992 95730 1002.70 627.70 9463 - 9492 113730 1377.70 1002.70
7993 - 8022 96090 1010.20 635.20 9493 - 9522 114090 1385.20 1010.20
8023 - 8052 96450 1017.70 642.70 9523 - 9552 114450 1392.70 1017.70
8053 - 8082 96810 1025.20 650.20 9553 - 9582 114810 1400.20 1025.20
8083 - 8112 97170 1032.70 657.70 9583 - 9612 115170 1407.70 1032.70
8113 - 8142 97530 1040.20 665.20 9613 - 9642 115530 1415.20 1040.20
8143 - 8172 97890 1047.70 672.70 9643 - 9672 115890 1422.70 1047.70
8173 - 8202 98250 1055.20 680.20 9673 - 9702 116250 1430.20 1055.20
8203 - 8232 98610 1062.70 687.70 9703 - 9732 116610 1437.70 1062.70
8233 - 8262 98970 1070.20 695.20 9733 - 9762 116970 1445.20 1070.20
8263 - 8292 99330 1077.70 702.70 9763 - 9792 117330 1452.70 1077.70
8293 - 8322 99690 1085.20 710.20 9793 - 9822 117690 1460.20 1085.20
8323 - 8352 100050 1092.70 717.70 9823 - 9852 118050 1467.70 1092.70
8353 - 8382 100410 1100.20 725.20 9853 - 9882 118410 1475.20 1100.20
8383 - 8412 100770 1107.70 732.70 9883 - 9912 118770 1482.70 1107.70
8413 - 8442 101130 1115.20 740.20 9913 - 9942 119130 1490.20 1115.20
8443 - 8472 101490 1122.70 747.70 9943 - 9972 119490 1497.70 1122.70
8473 - 8502 101850 1130.20 755.20 9973 - 10002 119850 1505.20 1130.20
8503 - 8532 102210 1137.70 762.70 10003 - 10032 120210 1512.70 1137.70
8533 - 8562 102570 1145.20 770.20 10033 - 10062 120570 1520.20 1145.20
8563 - 8592 102930 1152.70 777.70 10063 - 10092 120930 1527.70 1152.70
8593 - 8622 103290 1160.20 785.20 10093 - 10122 121290 1535.20 1160.20
8623 - 8652 103650 1167.70 792.70 10123 - 10152 121650 1542.70 1167.70
8653 - 8682 104010 1175.20 800.20 10153 - 10182 122010 1550.20 1175.20
8683 - 8712 104370 1182.70 807.70 10183 - 10212 122370 1557.70 1182.70
8713 - 8742 104730 1190.20 815.20 10213 - 10242 122730 1565.20 1190.20
8743 - 8772 105090 1197.70 822.70 10243 - 10272 123090 1572.70 1197.70
8773 - 8802 105450 1205.20 830.20 10273 - 10302 123450 1580.20 1205.20
8803 - 8832 105810 1212.70 837.70 10303 - 10332 123810 1587.70 1212.70
8833 - 8862 106170 1220.20 845.20 10333 - 10362 124170 1595.20 1220.20
8863 - 8892 106530 1227.70 852.70 10363 - 10392 124530 1602.70 1227.70
8893 - 8922 106890 1235.20 860.20 10393 - 10422 124890 1610.20 1235.20
8923 - 8952 107250 1242.70 867.70 10423 - 10452 125250 1617.70 1242.70
8953 - 8982 107610 1250.20 875.20 10453 - 10482 125610 1625.20 1250.20
8983 - 9012 107970 1257.70 882.70 10483 - 10512 125970 1632.70 1257.70
9013 - 9042 108330 1265.20 890.20 10513 - 10542 126330 1640.20 1265.20
9043 - 9072 108690 1272.70 897.70 10543 - 10572 126690 1647.70 1272.70
9073 - 9102 109050 1280.20 905.20 10573 - 10602 127050 1655.20 1280.20
9103 - 9132 109410 1287.70 912.70 10603 - 10632 127410 1662.70 1287.70
9133 - 9162 109770 1295.20 920.20 10633 - 10662 127770 1670.20 1295.20
9163 - 9192 110130 1302.70 927.70 10663 - 10692 128130 1677.70 1302.70
9193 - 9222 110490 1310.20 935.20 10693 - 10722 128490 1685.20 1310.20
9223 - 9252 110850 1317.70 942.70 10723 - 10752 128850 1692.70 1317.70
9253 - 9282 111210 1325.20 950.20 10753 - 10782 129210 1700.20 1325.20
9283 - 9312 111570 1332.70 957.70 10783 - 10812 129570 1707.70 1332.70
10813 - 10862 130050 1717.91 1342.91 13313 - 13362 160050 2467.91 2092.91
10863 - 10912 130650 1732.91 1357.91 13363 - 13412 160650 2482.91 2107.91
10913 - 10962 131250 1747.91 1372.91 13413 - 13462 161250 2497.91 2122.91
10963 - 11012 131850 1762.91 1387.91 13463 - 13512 161850 2512.91 2137.91
11013 - 11062 132450 1777.91 1402.91 13513 - 13562 162450 2527.91 2152.91
11063 - 11112 133050 1792.91 1417.91 13563 - 13612 163050 2542.91 2167.91
11113 - 11162 133650 1807.91 1432.91 13613 - 13662 163650 2557.91 2182.91
11163 - 11212 134250 1822.91 1447.91 13663 - 13712 164250 2572.91 2197.91
11213 - 11262 134850 1837.91 1462.91 13713 - 13762 164850 2587.91 2212.91
11263 - 11312 135450 1852.91 1477.91 13763 - 13812 165450 2602.91 2227.91
11313 - 11362 136050 1867.91 1492.91 13813 - 13862 166050 2617.91 2242.91
11363 - 11412 136650 1882.91 1507.91 13863 - 13912 166650 2632.91 2257.91
11413 - 11462 137250 1897.91 1522.91 13913 - 13962 167250 2647.91 2272.91
11463 - 11512 137850 1912.91 1537.91 13963 - 14012 167850 2662.91 2287.91
11513 - 11562 138450 1927.91 1552.91 14013 - 14062 168450 2677.91 2302.91
11563 - 11612 139050 1942.91 1567.91 14063 - 14112 169050 2692.91 2317.91
11613 - 11662 139650 1957.91 1582.91 14113 - 14162 169650 2707.91 2332.91
11663 - 11712 140250 1972.91 1597.91 14163 - 14212 170250 2722.91 2347.91
11713 - 11762 140850 1987.91 1612.91 14213 - 14262 170850 2737.91 2362.91
11763 - 11812 141450 2002.91 1627.91 14263 - 14312 171450 2752.91 2377.91
11813 - 11862 142050 2017.91 1642.91 14313 - 14362 172050 2767.91 2392.91
11863 - 11912 142650 2032.91 1657.91 14363 - 14412 172650 2782.91 2407.91
11913 - 11962 143250 2047.91 1672.91 14413 - 14462 173250 2797.91 2422.91
11963 - 12012 143850 2062.91 1687.91 14463 - 14512 173850 2812.91 2437.91
12013 - 12062 144450 2077.91 1702.91 14513 - 14562 174450 2827.91 2452.91
12063 - 12112 145050 2092.91 1717.91 14563 - 14612 175050 2842.91 2467.91
12113 - 12162 145650 2107.91 1732.91 14613 - 14662 175650 2857.91 2482.91
12163 - 12212 146250 2122.91 1747.91 14663 - 14712 176250 2872.91 2497.91
12213 - 12262 146850 2137.91 1762.91 14713 - 14762 176850 2887.91 2512.91
12263 - 12312 147450 2152.91 1777.91 14763 - 14812 177450 2902.91 2527.91
12313 - 12362 148050 2167.91 1792.91 14813 - 14862 178050 2917.91 2542.91
12363 - 12412 148650 2182.91 1807.91 14863 - 14912 178650 2932.91 2557.91
12413 - 12462 149250 2197.91 1822.91 14913 - 14962 179250 2947.91 2572.91
12463 - 12512 149850 2212.91 1837.91 14963 - 15012 179850 2962.91 2587.91
12513 - 12562 150450 2227.91 1852.91 15013 - 15062 180450 2979.79 2604.79
12563 - 12612 151050 2242.91 1867.91 15063 - 15112 181050 2997.29 2622.29
12613 - 12662 151650 2257.91 1882.91 15113 - 15162 181650 3014.79 2639.79
12663 - 12712 152250 2272.91 1897.91 15163 - 15212 182250 3032.29 2657.29
12713 - 12762 152850 2287.91 1912.91 15213 - 15262 182850 3049.79 2674.79
12763 - 12812 153450 2302.91 1927.91 15263 - 15312 183450 3067.29 2692.29
12813 - 12862 154050 2317.91 1942.91 15313 - 15362 184050 3084.79 2709.79
12863 - 12912 154650 2332.91 1957.91 15363 - 15412 184650 3102.29 2727.29
12913 - 12962 155250 2347.91 1972.91 15413 - 15462 185250 3119.79 2744.79
12963 - 13012 155850 2362.91 1987.91 15463 - 15512 185850 3137.29 2762.29
13013 - 13062 156450 2377.91 2002.91 15513 - 15562 186450 3154.79 2779.79
13063 - 13112 157050 2392.91 2017.91 15563 - 15612 187050 3172.29 2797.29
13113 - 13162 157650 2407.91 2032.91 15613 - 15662 187650 3189.79 2814.79
13163 - 13212 158250 2422.91 2047.91 15663 - 15712 188250 3207.29 2832.29
13213 - 13262 158850 2437.91 2062.91 15713 - 15762 188850 3224.79 2849.79
13263 - 13312 159450 2452.91 2077.91 15763 - 15812 189450 3242.29 2867.29
15813 - 15862 190050 3259.79 2884.79 18313 - 18362 220050 4134.79 3759.79
15863 - 15912 190650 3277.29 2902.29 18363 - 18412 220650 4152.29 3777.29
15913 - 15962 191250 3294.79 2919.79 18413 - 18462 221250 4169.79 3794.79
15963 - 16012 191850 3312.29 2937.29 18463 - 18512 221850 4187.29 3812.29
16013 - 16062 192450 3329.79 2954.79 18513 - 18562 222450 4204.79 3829.79
16063 - 16112 193050 3347.29 2972.29 18563 - 18612 223050 4222.29 3847.29
16113 - 16162 193650 3364.79 2989.79 18613 - 18662 223650 4239.79 3864.79
16163 - 16212 194250 3382.29 3007.29 18663 - 18712 224250 4257.29 3882.29
16213 - 16262 194850 3399.79 3024.79 18713 - 18762 224850 4274.79 3899.79
16263 - 16312 195450 3417.29 3042.29 18763 - 18812 225450 4292.29 3917.29
16313 - 16362 196050 3434.79 3059.79 18813 - 18862 226050 4309.79 3934.79
16363 - 16412 196650 3452.29 3077.29 18863 - 18912 226650 4327.29 3952.29
16413 - 16462 197250 3469.79 3094.79 18913 - 18962 227250 4344.79 3969.79
16463 - 16512 197850 3487.29 3112.29 18963 - 19012 227850 4362.29 3987.29
16513 - 16562 198450 3504.79 3129.79 19013 - 19062 228450 4379.79 4004.79
16563 - 16612 199050 3522.29 3147.29 19063 - 19112 229050 4397.29 4022.29
16613 - 16662 199650 3539.79 3164.79 19113 - 19162 229650 4414.79 4039.79
16663 - 16712 200250 3557.29 3182.29 19163 - 19212 230250 4432.91 4057.91
16713 - 16762 200850 3574.79 3199.79 19213 - 19262 230850 4451.91 4076.91
16763 - 16812 201450 3592.29 3217.29 19263 - 19312 231450 4470.91 4095.91
16813 - 16862 202050 3609.79 3234.79 19313 - 19362 232050 4489.91 4114.91
16863 - 16912 202650 3627.29 3252.29 19363 - 19412 232650 4508.91 4133.91
16913 - 16962 203250 3644.79 3269.79 19413 - 19462 233250 4527.91 4152.91
16963 - 17012 203850 3662.29 3287.29 19463 - 19512 233850 4546.91 4171.91
17013 - 17062 204450 3679.79 3304.79 19513 - 19562 234450 4565.91 4190.91
17063 - 17112 205050 3697.29 3322.29 19563 - 19612 235050 4584.91 4209.91
17113 - 17162 205650 3714.79 3339.79 19613 - 19662 235650 4603.91 4228.91
17163 - 17212 206250 3732.29 3357.29 19663 - 19712 236250 4622.91 4247.91
17213 - 17262 206850 3749.79 3374.79 19713 - 19762 236850 4641.91 4266.91
17263 - 17312 207450 3767.29 3392.29 19763 - 19812 237450 4660.91 4285.91
17313 - 17362 208050 3784.79 3409.79 19813 - 19862 238050 4679.91 4304.91
17363 - 17412 208650 3802.29 3427.29 19863 - 19912 238650 4698.91 4323.91
17413 - 17462 209250 3819.79 3444.79 19913 - 19962 239250 4717.91 4342.91
17463 - 17512 209850 3837.29 3462.29 19963 - 20012 239850 4736.91 4361.91
17513 - 17562 210450 3854.79 3479.79 20013 - 20062 240450 4755.91 4380.91
17563 - 17612 211050 3872.29 3497.29 20063 - 20112 241050 4774.91 4399.91
17613 - 17662 211650 3889.79 3514.79 20113 - 20162 241650 4793.91 4418.91
17663 - 17712 212250 3907.29 3532.29 20163 - 20212 242250 4812.91 4437.91
17713 - 17762 212850 3924.79 3549.79 20213 - 20262 242850 4831.91 4456.91
17763 - 17812 213450 3942.29 3567.29 20263 - 20312 243450 4850.91 4475.91
17813 - 17862 214050 3959.79 3584.79 20313 - 20362 244050 4869.91 4494.91
17863 - 17912 214650 3977.29 3602.29 20363 - 20412 244650 4888.91 4513.91
17913 - 17962 215250 3994.79 3619.79 20413 - 20462 245250 4907.91 4532.91
17963 - 18012 215850 4012.29 3637.29 20463 - 20512 245850 4926.91 4551.91
18013 - 18062 216450 4029.79 3654.79 20513 - 20562 246450 4945.91 4570.91
18063 - 18112 217050 4047.29 3672.29 20563 - 20612 247050 4964.91 4589.91
18113 - 18162 217650 4064.79 3689.79 20613 - 20662 247650 4983.91 4608.91
18163 - 18212 218250 4082.29 3707.29 20663 - 20712 248250 5002.91 4627.91
18213 - 18262 218850 4099.79 3724.79 20713 - 20762 248850 5021.91 4646.91
18263 - 18312 219450 4117.29 3742.29 20763 - 20812 249450 5040.91 4665.91
20813 - 20887 250200 5064.66 4689.66 24188 - 24262 290700 6347.16 5972.16
20888 - 20962 251100 5093.16 4718.16 24263 - 24337 291600 6375.66 6000.66
20963 - 21037 252000 5121.66 4746.66 24338 - 24412 292500 6404.16 6029.16
21038 - 21112 252900 5150.16 4775.16 24413 - 24487 293400 6432.66 6057.66
21113 - 21187 253800 5178.66 4803.66 24488 - 24562 294300 6461.16 6086.16
21188 - 21262 254700 5207.16 4832.16 24563 - 24637 295200 6489.66 6114.66
21263 - 21337 255600 5235.66 4860.66 24638 - 24712 296100 6518.16 6143.16
21338 - 21412 256500 5264.16 4889.16 24713 - 24787 297000 6546.66 6171.66
21413 - 21487 257400 5292.66 4917.66 24788 - 24862 297900 6575.16 6200.16
21488 - 21562 258300 5321.16 4946.16 24863 - 24937 298800 6603.66 6228.66
21563 - 21637 259200 5349.66 4974.66 24938 - 25012 299700 6632.16 6257.16
21638 - 21712 260100 5378.16 5003.16 25013 - 25087 300600 6661.66 6286.66
21713 - 21787 261000 5406.66 5031.66 25088 - 25162 301500 6691.66 6316.66
21788 - 21862 261900 5435.16 5060.16 25163 - 25237 302400 6721.66 6346.66
21863 - 21937 262800 5463.66 5088.66 25238 - 25312 303300 6751.66 6376.66
21938 - 22012 263700 5492.16 5117.16 25313 - 25387 304200 6781.66 6406.66
22013 - 22087 264600 5520.66 5145.66 25388 - 25462 305100 6811.66 6436.66
22088 - 22162 265500 5549.16 5174.16 25463 - 25537 306000 6841.66 6466.66
22163 - 22237 266400 5577.66 5202.66 25538 - 25612 306900 6871.66 6496.66
22238 - 22312 267300 5606.16 5231.16 25613 - 25687 307800 6901.66 6526.66
22313 - 22387 268200 5634.66 5259.66 25688 - 25762 308700 6931.66 6556.66
22388 - 22462 269100 5663.16 5288.16 25763 - 25837 309600 6961.66 6586.66
22463 - 22537 270000 5691.66 5316.66 25838 - 25912 310500 6991.66 6616.66
22538 - 22612 270900 5720.16 5345.16 25913 - 25987 311400 7021.66 6646.66
22613 - 22687 271800 5748.66 5373.66 25988 - 26062 312300 7051.66 6676.66
22688 - 22762 272700 5777.16 5402.16 26063 - 26137 313200 7081.66 6706.66
22763 - 22837 273600 5805.66 5430.66 26138 - 26212 314100 7111.66 6736.66
22838 - 22912 274500 5834.16 5459.16 26213 - 26287 315000 7141.66 6766.66
22913 - 22987 275400 5862.66 5487.66 26288 - 26362 315900 7171.66 6796.66
22988 - 23062 276300 5891.16 5516.16 26363 - 26437 316800 7201.66 6826.66
23063 - 23137 277200 5919.66 5544.66 26438 - 26512 317700 7231.66 6856.66
23138 - 23212 278100 5948.16 5573.16 26513 - 26587 318600 7261.66 6886.66
23213 - 23287 279000 5976.66 5601.66 26588 - 26662 319500 7291.66 6916.66
23288 - 23362 279900 6005.16 5630.16 26663 - 26737 320400 7321.66 6946.66
23363 - 23437 280800 6033.66 5658.66 26738 - 26812 321300 7351.66 6976.66
23438 - 23512 281700 6062.16 5687.16 26813 - 26887 322200 7381.66 7006.66
23513 - 23587 282600 6090.66 5715.66 26888 - 26962 323100 7411.66 7036.66
23588 - 23662 283500 6119.16 5744.16 26963 - 27037 324000 7441.66 7066.66
23663 - 23737 284400 6147.66 5772.66 27038 - 27112 324900 7471.66 7096.66
23738 - 23812 285300 6176.16 5801.16 27113 - 27187 325800 7501.66 7126.66
23813 - 23887 286200 6204.66 5829.66 27188 - 27262 326700 7531.66 7156.66
23888 - 23962 287100 6233.16 5858.16 27263 - 27337 327600 7561.66 7186.66
23963 - 24037 288000 6261.66 5886.66 27338 - 27412 328500 7591.66 7216.66
24038 - 24112 288900 6290.16 5915.16 27413 - 27487 329400 7621.66 7246.66
24113 - 24187 289800 6318.66 5943.66 27488 - 27562 330300 7651.66 7276.66
